>dKhGCGTGh	AHR_MOUSE.H11MO.0.B	3.3193649999999995
0.262728374765856	0.1227600511842322	0.362725638699551	0.25178593535036087
0.07633328991810645	0.08258130543118362	0.22593295481662123	0.6151524498340887
0.14450570038747923	0.28392173880411337	0.13815442099009081	0.4334181398183167
0.023935814057894068	0.016203821748029118	0.9253278681170539	0.03453249607702277
0.007919544273173793	0.953597675415874	0.017308392078009837	0.021174388232942286
0.02956192959210962	0.012890110758086997	0.9474192747166682	0.010128684933135217
0.007919544273173797	0.029561929592109615	0.012337825593096645	0.9501807005416201
0.007919544273173793	0.007919544273173793	0.9762413671804787	0.007919544273173793
0.27886589130660366	0.4285328543459993	0.10955683916661985	0.18304441518077724
>hnnGGWWnddWWGGdbWh	AIRE_MOUSE.H11MO.0.C	5.55011
0.38551919443239085	0.2604245534178759	0.1353299124033618	0.21872633974637148
0.18745267949274294	0.18745267949274294	0.14575446582123766	0.4793401751932764
0.14575446582123777	0.14575446582123777	0.2083017863284958	0.5001892820290286
0.0623580384782284	0.020659824806723626	0.8337749914010671	0.08320714531398087
0.020659824806723633	0.020659824806723633	0.7712276708938095	0.18745267949274314
0.3125473205072573	0.062358038478228406	0.04150893164247602	0.5835857093720382
0.37509464101451423	0.10405625214973326	0.04150893164247601	0.4793401751932766
0.3542455341787623	0.14575446582123766	0.14575446582123766	0.3542455341787623
0.3333964273430096	0.08320714531398082	0.14575446582123763	0.43764196152177187
0.5001892820290291	0.10405625214973323	0.1457544658212377	0.25000000000000006
0.3750946410145142	0.062358038478228385	0.08320714531398087	0.47934017519327654
0.22915089316424753	0.14575446582123777	0.0832071453139809	0.5418874957005338
0.020659824806723626	0.04150893164247601	0.8337749914010671	0.10405625214973326
0.02065982480672364	0.02065982480672364	0.9171714187440766	0.04150893164247604
0.2291508931642474	0.10405625214973323	0.25000000000000006	0.41679285468601945
0.08320714531398082	0.1874526794927429	0.1874526794927429	0.5418874957005333
0.4376419615217712	0.041508931642476	0.16660357265699038	0.3542455341787624
0.3907314711413288	0.26563683012681466	0.11969308227654708	0.2239386164553094
>vTRATYGnATTA	ALX1_MOUSE.H11MO.0.B	5.4381
0.41820053141754115	0.213156074070443	0.27082482769931493	0.09781856681270079
0.08260042349397095	0.11143480030840654	0.024931669865099582	0.7810331063325231
0.7201605330576032	0.05376604667953523	0.1146386199544549	0.11143480030840647
0.8066636635009102	0.08260042349397091	0.024931669865099575	0.08580424314001926
0.024931669865099582	0.11143480030840654	0.024931669865099582	0.8387018599613941
0.053766046679535204	0.22997612721219754	0.1402691771228423	0.5759886489854249
0.46065114172768246	0.02493166986509957	0.4894855185421183	0.02493166986509957
0.34531363446994	0.2556066843805846	0.34531363446994	0.05376604667953529
0.7233643527036515	0.02493166986509957	0.14026917712284237	0.11143480030840644
0.11463861995445493	0.024931669865099575	0.053766046679535245	0.8066636635009102
0.0826004234939709	0.05376604667953524	0.05376604667953524	0.8098674831469587
0.7714216473943779	0.07619278420187406	0.07619278420187406	0.07619278420187406
>RGvACAbTvTGTbCYb	ANDR_MOUSE.H11MO.0.A	3.1922099999999998
0.4001339526440996	0.01887273079789916	0.5166853106178085	0.06430800594019248
0.028749964524484667	0.007020050325996556	0.935480020625034	0.028749964524484667
0.44952012127702723	0.19271204438580408	0.21444195858429219	0.14332587575287656
0.8939956389733749	0.020848177543216263	0.028749964524484667	0.05640621895892408
0.003069156835362354	0.953259041332888	0.028749964524484667	0.014921837307264962
0.8090514289247396	0.018872730797899164	0.09591515386526611	0.0761606864120951
0.05838166570424118	0.40803573962536804	0.2638281272172197	0.269754467453171
0.003069156835362354	0.3764285917002944	0.003069156835362354	0.6174330946289807
0.12949774853565685	0.38235493193624576	0.36852680471902605	0.11962051480907131
0.0860379201386806	0.058381665704241185	0.014921837307264962	0.8406585768498132
0.007020050325996556	0.01294639056194786	0.9769644022766931	0.003069156835362354
0.026774517779167565	0.028749964524484667	0.020848177543216263	0.9236273401531314
0.14925221598882785	0.21246651183897505	0.20654017160302376	0.43174110056917325
0.034676304760435976	0.9256027868984485	0.007020050325996556	0.03270085801511887
0.05640621895892407	0.5305134378350282	0.007020050325996555	0.40606029288005097
0.13739953551692524	0.309263402359513	0.19271204438580405	0.3606250177377576
>dbYbTGTbCYbd	ANDR_MOUSE.H11MO.1.A	5.56466
0.504832630145906	0.08208702664804639	0.1097432810824858	0.3033370621235617
0.0840624733933635	0.42779020707853904	0.3230915295767327	0.16505578995136463
0.18283481065921856	0.23222097929214608	0.03665175150575307	0.5482924585428822
0.074185239666778	0.34679689052053797	0.3645759112283919	0.21444195858429219
0.028749964524484667	0.024799071033850466	0.007020050325996556	0.9394309141156683
0.005044603580679456	0.005044603580679456	0.974988955531376	0.014921837307264962
0.01097094381663076	0.003069156835362354	0.00899549707131366	0.9769644022766931
0.07023434617614378	0.23617187278278026	0.17295757693263306	0.5206362041084428
0.005044603580679456	0.9651117218047905	0.003069156835362354	0.026774517779167565
0.054430772213606975	0.36457591122839184	0.010970943816630758	0.5700223727413704
0.07813613315741219	0.20061383136707245	0.21246651183897505	0.5087835236365402
0.16703123669668174	0.16110489646073045	0.3072879556141959	0.36457591122839184
>vbdSCCYGRGGC	AP2A_MOUSE.H11MO.0.A	3.0766150000000003
0.4040848461347339	0.2065401716030238	0.23419642603746318	0.15517855622477916
0.17690847042326724	0.19666293787643827	0.19271204438580405	0.43371654731449033
0.2282700858015119	0.14727676924351077	0.4416183342957588	0.18283481065921858
0.007020050325996555	0.4633482484942469	0.5107589703818572	0.01887273079789916
0.005044603580679456	0.9868416360032787	0.005044603580679456	0.003069156835362354
0.003069156835362354	0.9651117218047905	0.003069156835362354	0.028749964524484667
0.028749964524484663	0.21246651183897505	0.074185239666778	0.6845982839697622
0.0801115799027293	0.003069156835362354	0.9097992129359117	0.007020050325996556
0.5384152248162967	0.09789060061058319	0.3566741242471234	0.007020050325996555
0.0643080059401925	0.003069156835362354	0.9275782336437656	0.005044603580679456
0.003069156835362354	0.003069156835362354	0.9907925294939128	0.003069156835362354
0.01689728405258206	0.7142299851495186	0.2598772337265855	0.008995497071313658
>GSCYGRGGRv	AP2B_MOUSE.H11MO.0.B	4.229699999999999
0.06195438553664434	0.026640655120990717	0.7258525173509331	0.18555244199143187
0.02664065512099071	0.6057858339377106	0.2455857836980429	0.1219877272432557
0.026640655120990724	0.8882956772629396	0.026640655120990724	0.05842301249507905
0.1290504733263864	0.5386897461479682	0.026640655120990692	0.3056191254046547
0.09373674291073258	0.058423012495079	0.8211995894731976	0.026640655120990703
0.3197446175709156	0.3091504984462199	0.3444642288618738	0.026640655120990713
0.09020536986916727	0.05842301249507904	0.7894172320991093	0.06195438553664434
0.02664065512099071	0.02664065512099071	0.9200780346370279	0.02664065512099071
0.1970294043765196	0.13699606266990846	0.631388288489059	0.03458624446451278
0.22528038870904252	0.42656865207826805	0.2535313730415656	0.09461958617112386
>bdSCCYCRGGShn	AP2C_MOUSE.H11MO.0.A	3.48911
0.15517855622477914	0.30531250886887884	0.16308034320604756	0.3764285917002944
0.2638281272172197	0.13344864202629103	0.43174110056917325	0.17098213018731595
0.010970943816630758	0.3803794851909286	0.5719978194866874	0.03665175150575307
0.003069156835362354	0.9848661892579615	0.005044603580679456	0.007020050325996556
0.005044603580679456	0.8149777691606909	0.005044603580679456	0.17493302367795016
0.003069156835362354	0.42383931358790483	0.12752230179033971	0.44556922778639296
0.005044603580679456	0.876216618265521	0.003069156835362354	0.11566962131843711
0.6628683697712741	0.012946390561947858	0.2796317011797565	0.044553538487021475
0.01294639056194786	0.003069156835362354	0.9809152957673274	0.003069156835362354
0.003069156835362354	0.003069156835362354	0.9828907425126444	0.01097094381663076
0.020848177543216263	0.5482924585428822	0.42186386684258775	0.008995497071313658
0.16900668344199885	0.41198663311600225	0.16308034320604756	0.2559263402359513
0.35667412424712347	0.2164174053296093	0.24407365976404868	0.18283481065921858
>nGbCCGRGGCnCGY	AP2D_MOUSE.H11MO.0.D	3.146185
0.23680533753687028	0.4303270536627743	0.23680533753687028	0.0960622712634853
0.060876504695139125	0.060876504695139125	0.8173704859145826	0.060876504695139125
0.060876504695139125	0.5358843533678129	0.20161957096852398	0.20161957096852398
0.060876504695139125	0.8173704859145826	0.060876504695139125	0.060876504695139125
0.060876504695139125	0.51829147008364	0.060876504695139125	0.3599555205260816
0.060876504695139125	0.060876504695139125	0.8173704859145826	0.060876504695139125
0.3599555205260816	0.23680533753687039	0.3423626372419088	0.060876504695139125
0.060876504695139125	0.060876504695139125	0.8173704859145826	0.060876504695139125
0.060876504695139125	0.060876504695139125	0.8173704859145826	0.060876504695139125
0.060876504695139125	0.6766274196411978	0.20161957096852398	0.060876504695139125
0.20161957096852398	0.23680533753687039	0.3599555205260816	0.20161957096852398
0.060876504695139125	0.6766274196411978	0.20161957096852398	0.060876504695139125
0.060876504695139125	0.20161957096852398	0.6766274196411978	0.060876504695139125
0.0960622712634853	0.23680533753687033	0.0960622712634853	0.5710701199361592
>dWTTAAWYvRdWWYAAAWYWWW	ARI3A_MOUSE.H11MO.0.D	5.30771
0.3795301292728	0.10845337970923154	0.3198367882360724	0.19217970278189608
0.6477000345951555	0.1034789346228376	0.01975261155017334	0.22906841923183371
0.12337671496841385	0.019752611550173337	0.019752611550173337	0.8371180619312394
0.16523987650474556	0.019752611550173337	0.019752611550173337	0.7952549003949078
0.8988790038131479	0.06161577308650543	0.019752611550173344	0.019752611550173344
0.878981223467572	0.0815135534320814	0.019752611550173337	0.019752611550173337
0.45828200725907037	0.01975261155017334	0.04171799274092952	0.4802473884498268
0.01975261155017334	0.3965210653771624	0.22906841923183371	0.3546579038408307
0.2908293611137416	0.18720525769550198	0.4184864465679189	0.1034789346228376
0.4802473884498266	0.0616157730865054	0.35465790384083057	0.10347893462283757
0.43838422691349427	0.06161577308650543	0.16523987650474564	0.33476012349525464
0.6916307969766673	0.01975261155017334	0.1034789346228376	0.18513765685032174
0.1453420961591695	0.061615773086505454	0.10347893462283764	0.6895631961314874
0.16730747734992593	0.5440759311769152	0.06161577308650545	0.22700081838665354
0.689563196131487	0.01975261155017334	0.01975261155017334	0.27093158076816637
0.7115285773222431	0.06161577308650539	0.019752611550173334	0.20710303804107807
0.8988790038131479	0.019752611550173344	0.019752611550173344	0.06161577308650543
0.3965210653771626	0.019752611550173344	0.06161577308650545	0.5221105499861587
0.12544431581359414	0.1453420961591694	0.1034789346228376	0.6257346534043989
0.5001451687954029	0.1453420961591694	0.04171799274092952	0.3127947423044981
0.5838714918680671	0.08358115427726166	0.019752611550173337	0.312794742304498
0.6327766993359732	0.02472705663656732	0.08855559936365562	0.2539406446638039
>nbYKnRTATTSKd	ARI5B_MOUSE.H11MO.0.C	5.146665
0.22176425443107933	0.1088212721553956	0.33470723670676245	0.33470723670676245
0.15117489050877667	0.26411787278446075	0.3770608550601439	0.2076463816466187
0.03823190823309347	0.2641178727844605	0.2076463816466185	0.4900038373358275
0.0382319082330935	0.15117489050877667	0.32058936392230186	0.490003837335828
0.320589363922302	0.09470339937093529	0.320589363922302	0.26411787278446086
0.20764638164661867	0.09470339937093523	0.6029468196115109	0.09470339937093523
0.0382319082330935	0.0382319082330935	0.0382319082330935	0.8853042753007195
0.7723612930250363	0.0382319082330935	0.15117489050877667	0.0382319082330935
0.0382319082330935	0.15117489050877667	0.0382319082330935	0.7723612930250363
0.038231908233093484	0.09470339937093522	0.09470339937093522	0.772361293025036
0.15117489050877672	0.26411787278446086	0.49000383733582725	0.09470339937093529
0.1511748905087766	0.0947033993709352	0.2641178727844606	0.4900038373358277
0.25	0.1370570177243168	0.4194144734135252	0.19352850886215797
>RnSGTGGvRSRS	ARNT2_MOUSE.H11MO.0.D	4.19397
0.20110319699064508	0.10595266140487383	0.5394162124067213	0.15352792919775968
0.17731556309420243	0.27775223954585	0.32004136647285963	0.22489083088708786
0.034589759715545274	0.6054929732301739	0.22489083088708786	0.13502643616719287
0.03458975971554525	0.08216502750843097	0.8486554530604785	0.03458975971554525
0.03458975971554525	0.03458975971554525	0.08216502750843097	0.8486554530604785
0.03458975971554525	0.08216502750843097	0.8486554530604785	0.03458975971554525
0.08216502750843098	0.03458975971554525	0.7957940444017166	0.0874511683743071
0.1773155630942023	0.32004136647285936	0.37290277513162146	0.1297402953013169
0.5156285785102784	0.03458975971554526	0.27246609867997396	0.1773155630942023
0.03458975971554526	0.32004136647285936	0.5156285785102784	0.1297402953013169
0.37290277513162146	0.03458975971554526	0.4627671698515163	0.1297402953013169
0.15352792919775965	0.5394162124067212	0.20110319699064505	0.10595266140487382
>bYACGTGh	ARNT_MOUSE.H11MO.0.B	2.11109
0.10588674984723039	0.24653309522126915	0.23692107820854708	0.4106590767229532
0.051202702009576925	0.5138776687969143	0.0654648769660199	0.3694547522274889
0.5375590947157183	0.005111991387399487	0.4522169225094828	0.005111991387399487
0.005111991387399487	0.9846640258378017	0.005111991387399487	0.005111991387399487
0.005111991387399487	0.005111991387399487	0.9846640258378017	0.005111991387399487
0.005111991387399487	0.005111991387399487	0.005111991387399487	0.9846640258378017
0.005111991387399487	0.005111991387399487	0.9846640258378017	0.005111991387399487
0.1890706775595513	0.5468946736168301	0.05740354132716667	0.2066311074964522
>bhvCASCTGYYbbh	ASCL1_MOUSE.H11MO.0.A	3.1063099999999997
0.08281930643924527	0.57718861809085	0.16889253480715863	0.17109954066274613
0.25937977488624697	0.1909625933630338	0.08944032400600783	0.46021730774471137
0.10268235913953297	0.28586384515329727	0.535255506834687	0.07619828887248271
0.0033670956380945243	0.9898987130857164	0.0033670956380945243	0.0033670956380945243
0.9898987130857164	0.0033670956380945243	0.0033670956380945243	0.0033670956380945243
0.0033670956380945243	0.4337332374776611	0.5484975419682122	0.01440212491603213
0.0033670956380945243	0.9810706896633663	0.0033670956380945243	0.012195119060444608
0.0033670956380945243	0.0033670956380945243	0.0055741014936820455	0.9876917072301289
0.0033670956380945243	0.0055741014936820455	0.9876917072301289	0.0033670956380945243
0.025437154193969736	0.7868541743716645	0.0850263122948328	0.10268235913953297
0.11371738841747055	0.46463131945588637	0.003367095638094524	0.4182841964885484
0.0629562537389576	0.34986701496533534	0.3211759388426976	0.2660007924530095
0.107096370850708	0.5021504190008743	0.1402014586845208	0.25055175146389685
0.16227151724039604	0.3807650969435606	0.1424084645401083	0.314554921275935
>vCASCTGCY	ASCL2_MOUSE.H11MO.0.C	4.24543
0.26237102939354495	0.35144244102706873	0.3375868881062984	0.048599641473087846
0.005053618007809544	0.9808804165706368	0.00703298271077674	0.00703298271077674
0.9769216871647025	0.009012347413743935	0.005053618007809544	0.009012347413743935
0.009012347413743934	0.35144244102706873	0.5830281112742306	0.05651710028495662
0.016929806225612718	0.970983593055801	0.005053618007809544	0.00703298271077674
0.00703298271077674	0.00703298271077674	0.003074253304842348	0.9828597812736041
0.005053618007809544	0.012971076819678325	0.9551486754320634	0.026826629740448693
0.009012347413743935	0.860139169689638	0.016929806225612718	0.11391867667100529
0.10402185315616931	0.2940408646410201	0.01099171211671113	0.5909455700860994
>nTGACGTSMv	ATF1_MOUSE.H11MO.0.B	3.79049
0.3009821262241966	0.33208986425929976	0.33208986425929976	0.034838145257203884
0.023604795411194396	0.023604795411194396	0.023604795411194396	0.9291856137664168
0.023604795411194396	0.023604795411194396	0.9291856137664168	0.023604795411194396
0.9291856137664168	0.023604795411194396	0.023604795411194396	0.023604795411194396
0.023604795411194392	0.9015342910685474	0.05125611810906381	0.023604795411194392
0.05125611810906381	0.023604795411194392	0.9015342910685474	0.023604795411194392
0.04088687209736279	0.08754847915001734	0.02360479541119439	0.8479598533414257
0.09791772516171844	0.5334260576531613	0.26209745368031784	0.1065587635048026
0.6958775785031438	0.16531782423777522	0.08063564847554992	0.05816894878353107
0.1990178737758034	0.37875147131195436	0.29234108788111274	0.12988956703112944
>dvTGAbGWMAb	ATF2_MOUSE.H11MO.0.A	4.648515
0.31518974259546434	0.08998881362931481	0.4613728017489298	0.13344864202629106
0.42186386684258775	0.16703123669668174	0.38235493193624576	0.028749964524484663
0.022823624288533365	0.026774517779167565	0.014921837307264962	0.935480020625034
0.018872730797899164	0.016897284052582062	0.9315291271343998	0.03270085801511887
0.895971085718692	0.014921837307264962	0.016897284052582062	0.0722097929214609
0.03665175150575307	0.3606250177377576	0.24802455325468287	0.35469867750180634
0.005044603580679456	0.044553538487021475	0.9256027868984485	0.024799071033850466
0.12752230179033971	0.074185239666778	0.028749964524484667	0.7695424940183976
0.15912944971541337	0.7695424940183976	0.03862719825107017	0.03270085801511887
0.8683148312842526	0.020848177543216263	0.0662834526855096	0.044553538487021475
0.06430800594019248	0.25395089349063416	0.18481025740453566	0.4969308431646376
>vTGAGTCAb	ATF3_MOUSE.H11MO.0.A	5.0747
0.3566741242471234	0.3072879556141959	0.269754467453171	0.06628345268550959
0.04257809174170438	0.00899549707131366	0.016897284052582062	0.9315291271343998
0.01294639056194786	0.028749964524484667	0.9058483194452775	0.05245532546828988
0.9177009999171801	0.007020050325996556	0.020848177543216263	0.05443077221360698
0.060357112449558284	0.003069156835362354	0.933504573879717	0.003069156835362354
0.14925221598882785	0.034676304760435976	0.03072541126980177	0.7853460679809343
0.11566962131843711	0.8209041093966422	0.05245532546828988	0.01097094381663076
0.9789398490220103	0.01097094381663076	0.003069156835362354	0.007020050325996556
0.03862719825107017	0.35469867750180634	0.269754467453171	0.3369196567939524
>dnMTGATGCAAY	ATF4_MOUSE.H11MO.0.A	2.466665
0.35272323075648926	0.074185239666778	0.4119866331160023	0.16110489646073045
0.2045647248577067	0.20258927811238958	0.3902567189175142	0.20258927811238958
0.5522433520335164	0.2934598283969762	0.15122766273414495	0.003069156835362354
0.003069156835362354	0.01097094381663076	0.003069156835362354	0.9828907425126444
0.003069156835362354	0.01097094381663076	0.974988955531376	0.01097094381663076
0.973013508786059	0.01097094381663076	0.007020050325996556	0.00899549707131366
0.007020050325996556	0.05245532546828988	0.005044603580679456	0.935480020625034
0.003069156835362354	0.003069156835362354	0.9907925294939128	0.003069156835362354
0.09591515386526611	0.8149777691606909	0.003069156835362354	0.0860379201386806
0.9848661892579615	0.007020050325996556	0.005044603580679456	0.003069156835362354
0.9888170827485957	0.003069156835362354	0.005044603580679456	0.003069156835362354
0.030725411269801765	0.31123884910483013	0.10381694084653449	0.5542187987788335
>vdTGAbGWMAb	ATF7_MOUSE.H11MO.0.D	4.901275
0.3448214437752209	0.09591515386526611	0.4949553964193205	0.0643080059401925
0.4396428875504417	0.0840624733933635	0.3902567189175141	0.0860379201386806
0.06825889943082669	0.003069156835362354	0.018872730797899164	0.9097992129359117
0.014921837307264962	0.03270085801511887	0.8939956389733749	0.058381665704241185
0.8525112573217157	0.044553538487021475	0.04257809174170438	0.060357112449558284
0.06430800594019248	0.3329687633033182	0.2519754467453171	0.3507477840111721
0.01097094381663076	0.04652898523233858	0.9097992129359117	0.03270085801511887
0.18678570414985277	0.0801115799027293	0.03862719825107017	0.6944755176963476
0.22431919231087769	0.7162054318948359	0.04060264499638728	0.018872730797899164
0.9394309141156683	0.01294639056194786	0.018872730797899164	0.028749964524484667
0.03665175150575307	0.3072879556141959	0.25395089349063416	0.40210939938941676
>RRCAGMTGK	ATOH1_MOUSE.H11MO.0.B	4.22513
0.5305134378350282	0.044553538487021475	0.3764285917002944	0.04850443197765567
0.3230915295767327	0.15517855622477914	0.5186607573631257	0.003069156835362354
0.005044603580679456	0.9868416360032787	0.005044603580679456	0.003069156835362354
0.9888170827485957	0.003069156835362354	0.003069156835362354	0.005044603580679456
0.003069156835362354	0.01097094381663076	0.9651117218047905	0.020848177543216263
0.5818750532132729	0.37840403844561155	0.03665175150575307	0.003069156835362354
0.020848177543216263	0.00899549707131366	0.005044603580679456	0.9651117218047905
0.005044603580679456	0.003069156835362354	0.9809152957673274	0.01097094381663076
0.034676304760435976	0.11171872782780291	0.7162054318948359	0.13739953551692524
>YGCTGAGTCAYGST	BACH1_MOUSE.H11MO.0.C	4.346550000000001
0.16030161886425134	0.24728186723831028	0.05157630839667722	0.5408402055007611
0.1385565567707362	0.05157630839667722	0.7582908264359093	0.05157630839667722
0.05157630839667722	0.8452710748099682	0.05157630839667722	0.05157630839667722
0.05157630839667722	0.1385565567707362	0.05157630839667722	0.7582908264359093
0.05157630839667722	0.05157630839667722	0.8452710748099682	0.05157630839667722
0.7582908264359093	0.05157630839667722	0.05157630839667722	0.1385565567707362
0.05157630839667725	0.2472818672383105	0.649565515968335	0.05157630839667725
0.05157630839667722	0.05157630839667722	0.05157630839667722	0.8452710748099682
0.05157630839667722	0.8452710748099682	0.05157630839667722	0.05157630839667722
0.8452710748099682	0.05157630839667722	0.05157630839667722	0.05157630839667722
0.16030161886425146	0.3560071777058847	0.05157630839667725	0.43211489503318656
0.1385565567707363	0.05157630839667725	0.649565515968335	0.16030161886425146
0.05157630839667722	0.25815439828506825	0.5517127365475183	0.1385565567707362
0.05157630839667722	0.05157630839667722	0.05157630839667722	0.8452710748099682
>dSCYSAGTCAY	BACH2_MOUSE.H11MO.0.A	4.400205
0.18876115089516984	0.13937498226224235	0.14727676924351074	0.524587097599077
0.058381665704241185	0.10184149410121741	0.7813951744903002	0.058381665704241185
0.05047987872297278	0.8643639377936184	0.044553538487021475	0.04060264499638728
0.0880133668839977	0.09591515386526611	0.03270085801511887	0.7833706212356173
0.060357112449558284	0.09986604735590031	0.7537389200558607	0.0860379201386806
0.836707683359179	0.036651751505753075	0.01097094381663076	0.11566962131843711
0.028749964524484667	0.14135042900755945	0.816953215906008	0.01294639056194786
0.020848177543216263	0.016897284052582062	0.005044603580679456	0.9572099348235221
0.028749964524484667	0.9591853815688393	0.007020050325996556	0.005044603580679456
0.9769644022766931	0.003069156835362354	0.007020050325996556	0.01294639056194786
0.01689728405258206	0.3665513579737089	0.15715400297009624	0.4593973550036127
>bbWAAdKGYYWh	BARX1_MOUSE.H11MO.0.C	5.78797
0.1371045204943657	0.18871388255408422	0.3306396282183102	0.3435419687332399
0.1435556907518305	0.3241884579608454	0.18871388255408422	0.3435419687332399
0.20161622306901386	0.12420217997943604	0.053239307147323035	0.6209422898042269
0.7757703759833826	0.08549515843464713	0.12420217997943604	0.01453228560253413
0.9499519729349327	0.027434626117463765	0.008081115345069311	0.01453228560253413
0.13065335023690086	0.1048486692070416	0.2596767553861972	0.5048212251698603
0.1048486692070416	0.01453228560253413	0.2983837769309861	0.582235268259438
0.02098345585999895	0.059690477404787855	0.9047937811326789	0.01453228560253413
0.08549515843464713	0.2854814364160565	0.046788136889858216	0.582235268259438
0.1500068610092953	0.16290920152422494	0.02098345585999895	0.6661004816064807
0.1500068610092953	0.1112998394645064	0.12420217997943604	0.6144911195467622
0.18871388255408422	0.17581154203915458	0.12420217997943604	0.511272395427325
>hYnWTAATKR	BARX2_MOUSE.H11MO.0.D	5.537195
0.15890421245209382	0.15890421245209382	0.09927787878437339	0.582913696311439
0.03965154511665296	0.4040346953082775	0.15890421245209385	0.39740954712297566
0.39740954712297555	0.15890421245209382	0.2847820279728366	0.15890421245209382
0.2781568797875347	0.1655293606373957	0.03965154511665296	0.5166622144584165
0.03965154511665296	0.03965154511665296	0.03965154511665296	0.881045364650041
0.8214190309823205	0.039651545116652975	0.09927787878437346	0.039651545116652975
0.881045364650041	0.03965154511665296	0.03965154511665296	0.03965154511665296
0.03965154511665296	0.03965154511665296	0.03965154511665296	0.881045364650041
0.039651545116652975	0.09927787878437346	0.4040346953082777	0.4570358807906959
0.33778321345525475	0.03965154511665296	0.46366102897599826	0.15890421245209382
>ndSTTYChnWhTGAbdn	BATF3_MOUSE.H11MO.0.A	5.36886
0.17295757693263306	0.35272323075648926	0.20654017160302376	0.2677790207078539
0.4811272692021008	0.058381665704241185	0.24407365976404868	0.2164174053296093
0.03270085801511887	0.3882812721721971	0.4989062899099547	0.0801115799027293
0.03270085801511887	0.018872730797899164	0.016897284052582062	0.9315291271343998
0.04850443197765568	0.0662834526855096	0.01097094381663076	0.8742411715202039
0.044553538487021475	0.16110489646073045	0.044553538487021475	0.7497880265652266
0.020848177543216263	0.8485603638310816	0.022823624288533365	0.10776783433716872
0.4989062899099547	0.17888391716858437	0.12159596155438841	0.20061383136707248
0.21049106509365795	0.18283481065921856	0.21839285207492637	0.38828127217219705
0.23024553254682897	0.044553538487021475	0.06628345268550959	0.6589174762806398
0.47915182245678367	0.19863838462175534	0.05838166570424118	0.2638281272172197
0.01097094381663076	0.003069156835362354	0.01294639056194786	0.973013508786059
0.014921837307264962	0.026774517779167565	0.8031250886887883	0.15517855622477916
0.85646215081235	0.00899549707131366	0.044553538487021475	0.08998881362931481
0.1018414941012174	0.4593973550036127	0.3171651893407814	0.1215959615543884
0.2519754467453171	0.1215959615543884	0.14727676924351074	0.47915182245678367
0.2420982130187316	0.3843303786815629	0.18678570414985277	0.18678570414985277
>dnKhhhvddWTGASTSWb	BATF_MOUSE.H11MO.0.A	5.46811
0.3942076124081484	0.0662834526855096	0.28950893490634205	0.25
0.17098213018731595	0.2618526804719026	0.39618305915346547	0.17098213018731595
0.0899888136293148	0.07616068641209509	0.15715400297009624	0.6766964969884938
0.14925221598882785	0.3467968905205379	0.11962051480907131	0.38433037868156283
0.13542408877160814	0.2934598283969762	0.1057923875918516	0.46532369523956396
0.20061383136707248	0.4514955680223443	0.10184149410121741	0.2460491065093658
0.3033370621235617	0.16703123669668174	0.3705022514643431	0.15912944971541335
0.4791518224567837	0.13937498226224235	0.19863838462175537	0.18283481065921858
0.39815850589878254	0.04060264499638727	0.17493302367795016	0.38630582542687997
0.6431139023181031	0.12357140829970552	0.04850443197765568	0.18481025740453566
0.00899549707131366	0.005044603580679456	0.005044603580679456	0.9809152957673274
0.007020050325996556	0.034676304760435976	0.8860938519921066	0.0722097929214609
0.9651117218047905	0.007020050325996556	0.01294639056194786	0.014921837307264962
0.0959151538652661	0.5937277336851755	0.3033370621235617	0.007020050325996555
0.09591515386526611	0.024799071033850466	0.01097094381663076	0.8683148312842526
0.13937498226224235	0.5305134378350282	0.2934598283969762	0.03665175150575307
0.6174330946289808	0.04652898523233858	0.1038169408465345	0.23222097929214608
0.13147319528097395	0.2045647248577067	0.4100111863706852	0.25395089349063416
>vdWWTGASTMA	BATF_MOUSE.H11MO.1.A	5.2728850000000005
0.24407365976404868	0.1255468550450226	0.5601451390147848	0.07023434617614378
0.4672991419848811	0.1057923875918516	0.14332587575287653	0.2835825946703907
0.37840403844561155	0.012946390561947858	0.12752230179033971	0.48112726920210075
0.7023773046776162	0.11566962131843711	0.022823624288533365	0.15912944971541337
0.005044603580679456	0.005044603580679456	0.003069156835362354	0.9868416360032787
0.005044603580679456	0.007020050325996556	0.9809152957673274	0.007020050325996556
0.9828907425126444	0.003069156835362354	0.003069156835362354	0.01097094381663076
0.0919642603746319	0.5028571834005888	0.37247769820966026	0.03270085801511887
0.0643080059401925	0.018872730797899164	0.007020050325996556	0.9097992129359117
0.21049106509365798	0.6095313076477124	0.16505578995136466	0.014921837307264962
0.8426340235951303	0.022823624288533365	0.05047987872297278	0.08406247339336351
>hnMWYTCYAGGRW	BCL6_MOUSE.H11MO.0.A	5.442665
0.18085936391390145	0.21641740532960926	0.17888391716858434	0.42383931358790483
0.20851561834834087	0.14530132249819366	0.4376674408051246	0.20851561834834087
0.18283481065921858	0.621383988119615	0.0880133668839977	0.10776783433716872
0.14530132249819364	0.12752230179033971	0.05640621895892407	0.6707701567525425
0.05047987872297278	0.31518974259546434	0.07023434617614378	0.564096032505419
0.04257809174170438	0.04652898523233858	0.014921837307264962	0.895971085718692
0.007020050325996556	0.8683148312842526	0.01097094381663076	0.11369417457312002
0.04060264499638727	0.5206362041084428	0.04850443197765567	0.3902567189175141
0.9473327010969366	0.022823624288533365	0.018872730797899164	0.01097094381663076
0.13147319528097395	0.007020050325996556	0.8051005354341053	0.05640621895892408
0.03072541126980177	0.06825889943082669	0.8307813431232277	0.0702343461761438
0.6668192632619083	0.0978906006105832	0.13739953551692524	0.0978906006105832
0.7695424940183976	0.074185239666778	0.028749964524484667	0.12752230179033971
>vvRRCAGCTGK	BHA15_MOUSE.H11MO.0.A	4.067235
0.17295757693263306	0.2855580414157078	0.46927458873019817	0.07220979292146089
0.15320310947946203	0.44754467453171004	0.29543527514229334	0.10381694084653449
0.6826228372244452	0.0702343461761438	0.20061383136707248	0.04652898523233858
0.2796317011797565	0.1097432810824858	0.6055804141570781	0.005044603580679455
0.058381665704241185	0.9137501064265459	0.018872730797899164	0.00899549707131366
0.974988955531376	0.007020050325996556	0.01294639056194786	0.005044603580679456
0.00899549707131366	0.007020050325996556	0.955234488078205	0.028749964524484667
0.05640621895892408	0.8702902780295697	0.0662834526855096	0.007020050325996556
0.028749964524484667	0.014921837307264962	0.007020050325996556	0.9493081478422537
0.007020050325996556	0.007020050325996556	0.973013508786059	0.01294639056194786
0.005044603580679456	0.14925221598882785	0.6292857751008833	0.2164174053296093
>dCACGTGMv	BHE40_MOUSE.H11MO.0.A	3.54793
0.28950893490634205	0.04060264499638728	0.5028571834005889	0.16703123669668177
0.1255468550450226	0.8623884910483013	0.005044603580679456	0.007020050325996556
0.9295536803890827	0.01294639056194786	0.018872730797899164	0.03862719825107017
0.007020050325996556	0.8860938519921066	0.022823624288533365	0.08406247339336351
0.03072541126980177	0.014921837307264962	0.9433818076063024	0.01097094381663076
0.020848177543216263	0.018872730797899164	0.024799071033850466	0.935480020625034
0.003069156835362354	0.003069156835362354	0.9888170827485957	0.005044603580679456
0.6510156892993715	0.2776562544344394	0.06430800594019248	0.007020050325996555
0.12752230179033971	0.5028571834005888	0.2737053609438052	0.0959151538652661
>dCnRnSTCRMGTGMhKRnRn	BHE41_MOUSE.H11MO.0.D	4.29861
0.3589369571871701	0.1075439790629313	0.1829618725002027	0.3505571912496959
0.046790676016240235	0.5244373344522941	0.3819813135152254	0.046790676016240235
0.2898038882030043	0.2981836541404793	0.2898038882030043	0.122208569453512
0.37360154757775066	0.13058833539098683	0.4490194410150222	0.046790676016240255
0.13058833539098674	0.13058833539098674	0.38198131351522546	0.3568420157028011
0.046790676016240255	0.37360154757775066	0.4490194410150222	0.13058833539098683
0.046790676016240255	0.4490194410150222	0.046790676016240255	0.4573992069524973
0.046790676016240255	0.859627971951279	0.046790676016240255	0.046790676016240255
0.6249945257019894	0.04679067601624024	0.2060062288282583	0.1222085694535119
0.21438599476573258	0.5328171003897688	0.12220856945351193	0.13058833539098683
0.046790676016240255	0.13058833539098683	0.700412419139261	0.12220856945351193
0.046790676016240255	0.046790676016240255	0.046790676016240255	0.859627971951279
0.046790676016240255	0.046790676016240255	0.859627971951279	0.046790676016240255
0.29818365414047915	0.5328171003897688	0.12220856945351193	0.046790676016240255
0.3819813135152254	0.20600622882825817	0.13058833539098672	0.28142412226552965
0.046790676016240255	0.12220856945351193	0.6249945257019897	0.20600622882825836
0.4490194410150222	0.20600622882825836	0.29818365414047915	0.046790676016240255
0.37360154757775066	0.12220856945351193	0.37360154757775066	0.13058833539098683
0.29818365414047887	0.13058833539098672	0.5244373344522941	0.046790676016240235
0.23533540960941945	0.31075330304669097	0.31075330304669097	0.14315798429719861
>MCACGTGMb	BMAL1_MOUSE.H11MO.0.A	3.7917199999999998
0.31123884910483013	0.5028571834005889	0.18085936391390148	0.005044603580679456
0.06825889943082669	0.915725553171863	0.005044603580679456	0.01097094381663076
0.9315291271343998	0.020848177543216263	0.024799071033850466	0.022823624288533365
0.007020050325996556	0.7873215147262514	0.04060264499638728	0.16505578995136466
0.020848177543216263	0.014921837307264962	0.9512835945875708	0.01294639056194786
0.01294639056194786	0.003069156835362354	0.007020050325996556	0.9769644022766931
0.007020050325996556	0.007020050325996556	0.9809152957673274	0.005044603580679456
0.4752009289661495	0.406060292880051	0.016897284052582062	0.10184149410121741
0.13542408877160816	0.4791518224567837	0.15715400297009627	0.2282700858015119
>dKKhvCWbhdddSTGTSWRdKhnKb	BRAC_MOUSE.H11MO.0.B	4.96311
0.17801683366414647	0.15534497025127922	0.19388713805315355	0.47275105803142065
0.08959656635396424	0.07145907562367043	0.11226842976683148	0.7266759282555338
0.04198565318694302	0.039718466845656296	0.34352143657807743	0.5747744433893233
0.28004021902204906	0.18255120634671992	0.14400903854484562	0.3933995360863853
0.21202462878344733	0.3503229956019375	0.3412542502367906	0.0963981253778244
0.030649721480509394	0.8400352453198702	0.04198565318694302	0.08732938001267752
0.7448134189858278	0.06239033025852354	0.04425283952822975	0.14854341122741907
0.11000124342554475	0.3457886229193641	0.16441371561642612	0.379796418038665
0.3865979770625252	0.23923086487888806	0.10319968440168459	0.2709714736569022
0.2823074053633358	0.10093249806039786	0.13947466586227217	0.47728543071399415
0.2551011692678951	0.11680280244940494	0.5067588531507216	0.12133717513197838
0.20295588341830045	0.1712152746402863	0.19388713805315355	0.43194170388825964
0.04878721221080319	0.4999572941268614	0.39113234974509864	0.06012314391723682
0.019313789774075767	0.021580976115362496	0.005710671726355419	0.9533945623842064
0.017046603432789045	0.051054398552089916	0.9080508355584719	0.023848162456649218
0.0759934483062439	0.09413093903653769	0.026115348797935943	0.8037602638592826
0.026115348797935943	0.4251401448643995	0.40020109511024554	0.14854341122741907
0.7788212141051286	0.04425283952822975	0.04198565318694302	0.13494029317969874
0.6926681331362331	0.08959656635396424	0.1417418522035589	0.0759934483062439
0.20068869707701373	0.1054668707429713	0.10773405708425803	0.5861103750957569
0.037451280504369557	0.13040592049712527	0.16668090195771285	0.6654618970407923
0.12813873415583854	0.38433079072123844	0.11226842976683148	0.37526204535609153
0.37072767267351814	0.23923086487888806	0.2074902561008739	0.18255120634671995
0.08732938001267751	0.15534497025127922	0.15761215659256594	0.5997134931434773
0.11226842976683149	0.1689480882989996	0.46594949900756055	0.2528339829266084
>dvbSTGTSWRdKb	BRAC_MOUSE.H11MO.1.C	5.44021
0.2658035739625368	0.0860379201386806	0.14727676924351074	0.5008817366552718
0.2519754467453171	0.15912944971541335	0.5087835236365402	0.0801115799027293
0.16308034320604756	0.16900668344199885	0.22629463905619476	0.44161833429575875
0.03467630476043597	0.5226116508537599	0.39815850589878254	0.044553538487021475
0.01097094381663076	0.028749964524484667	0.00899549707131366	0.9512835945875708
0.003069156835362354	0.020848177543216263	0.9394309141156683	0.036651751505753075
0.03072541126980177	0.03862719825107017	0.034676304760435976	0.895971085718692
0.024799071033850466	0.4179129733519536	0.48310271594741794	0.074185239666778
0.7537389200558607	0.034676304760435976	0.04257809174170438	0.16900668344199887
0.6944755176963477	0.13147319528097395	0.13344864202629106	0.04060264499638728
0.23617187278278026	0.1057923875918516	0.11369417457312	0.544341565052248
0.03862719825107017	0.1156696213184371	0.12752230179033971	0.7181808786401529
0.06825889943082669	0.39223216566283126	0.16505578995136463	0.37445314495497733
>bKKbKGTTG	BRCA1_MOUSE.H11MO.0.D	5.3559
0.14994555242142416	0.20014398551472956	0.288213781812059	0.3616966802517873
0.19285053658592974	0.013937150999108082	0.27407196072254564	0.5191403516924165
0.04040604197790349	0.132139784803572	0.1586086757823674	0.6688454974361571
0.06687493295669875	0.33933681256941883	0.4689419185991112	0.12484633587477136
0.04040604197790349	0.15542425014999398	0.4397336787560308	0.36443602911607176
0.013937150999108092	0.013937150999108092	0.8358768899017847	0.13624880809999915
0.013937150999108094	0.0404060419779035	0.013937150999108094	0.9317196560238803
0.013937150999108092	0.013937150999108092	0.013937150999108092	0.9581885470026756
0.07349215570139762	0.08307987672639504	0.7964047028496051	0.04702326472260223
>vbGnKdTAAYRWAWb	CDC5L_MOUSE.H11MO.0.D	5.214169999999999
0.16871627040649612	0.16871627040649612	0.5751349183740155	0.0874325408129922
0.046790676016240255	0.20935813520324806	0.37192559439025585	0.37192559439025585
0.20935813520324806	0.046790676016240255	0.6970605127642713	0.046790676016240255
0.45320932398375974	0.12807440560974415	0.12807440560974415	0.29064186479675197
0.046790676016240255	0.12807440560974415	0.29064186479675197	0.5344930535772636
0.20935813520324806	0.046790676016240255	0.20935813520324806	0.5344930535772636
0.12807440560974415	0.046790676016240255	0.046790676016240255	0.7783442423577752
0.7783442423577752	0.046790676016240255	0.12807440560974415	0.046790676016240255
0.6970605127642713	0.046790676016240255	0.046790676016240255	0.20935813520324806
0.12807440560974415	0.5344930535772636	0.046790676016240255	0.29064186479675197
0.5344930535772636	0.046790676016240255	0.29064186479675197	0.12807440560974415
0.20935813520324806	0.12807440560974415	0.046790676016240255	0.6157767831707674
0.6970605127642713	0.12807440560974415	0.12807440560974415	0.046790676016240255
0.5344930535772636	0.046790676016240255	0.12807440560974415	0.29064186479675197
0.10775347321136818	0.27032093239837596	0.18903720280487207	0.4328883915853837
>hTTKAWGd	CDX1_MOUSE.H11MO.0.C	5.3853349999999995
0.4439599514840362	0.2443663084631192	0.06891705774311957	0.24275668230972514
0.054430422362569106	0.02545715160146828	0.11237696388477088	0.8077354621511917
0.054430422362569106	0.02545715160146828	0.054430422362569106	0.8656820036733934
0.08340369312367003	0.0737459362033031	0.1413502346458716	0.7015001360271553
0.7497889206289903	0.025457151601468282	0.17032350540697247	0.05443042236256912
0.247585560769908	0.1091577115779819	0.054430422362569106	0.5888263052895409
0.2105641592418352	0.02545715160146828	0.7385215375552281	0.02545715160146828
0.20493046770495427	0.11479140311486259	0.3304813076697246	0.34979682151045854
>bTTTATKRYhbb	CDX2_MOUSE.H11MO.0.A	5.218615
