>dKhGCGTGh	AHR_HUMAN.H11MO.0.B	3.3775000000000004
0.262728374765856	0.1227600511842322	0.362725638699551	0.25178593535036087
0.07633328991810645	0.08258130543118362	0.22593295481662123	0.6151524498340887
0.14450570038747923	0.28392173880411337	0.13815442099009081	0.4334181398183167
0.023935814057894068	0.016203821748029118	0.9253278681170539	0.03453249607702277
0.007919544273173793	0.953597675415874	0.017308392078009837	0.021174388232942286
0.02956192959210962	0.012890110758086997	0.9474192747166682	0.010128684933135217
0.007919544273173797	0.029561929592109615	0.012337825593096645	0.9501807005416201
0.007919544273173793	0.007919544273173793	0.9762413671804787	0.007919544273173793
0.27886589130660366	0.4285328543459993	0.10955683916661985	0.18304441518077724
>hnnGGWWnddWWGGdbWh	AIRE_HUMAN.H11MO.0.C	5.64711
0.38551919443239085	0.2604245534178759	0.1353299124033618	0.21872633974637148
0.18745267949274294	0.18745267949274294	0.14575446582123766	0.4793401751932764
0.14575446582123777	0.14575446582123777	0.2083017863284958	0.5001892820290286
0.0623580384782284	0.020659824806723626	0.8337749914010671	0.08320714531398087
0.020659824806723633	0.020659824806723633	0.7712276708938095	0.18745267949274314
0.3125473205072573	0.062358038478228406	0.04150893164247602	0.5835857093720382
0.37509464101451423	0.10405625214973326	0.04150893164247601	0.4793401751932766
0.3542455341787623	0.14575446582123766	0.14575446582123766	0.3542455341787623
0.3333964273430096	0.08320714531398082	0.14575446582123763	0.43764196152177187
0.5001892820290291	0.10405625214973323	0.1457544658212377	0.25000000000000006
0.3750946410145142	0.062358038478228385	0.08320714531398087	0.47934017519327654
0.22915089316424753	0.14575446582123777	0.0832071453139809	0.5418874957005338
0.020659824806723626	0.04150893164247601	0.8337749914010671	0.10405625214973326
0.02065982480672364	0.02065982480672364	0.9171714187440766	0.04150893164247604
0.2291508931642474	0.10405625214973323	0.25000000000000006	0.41679285468601945
0.08320714531398082	0.1874526794927429	0.1874526794927429	0.5418874957005333
0.4376419615217712	0.041508931642476	0.16660357265699038	0.3542455341787624
0.3907314711413288	0.26563683012681466	0.11969308227654708	0.2239386164553094
>vTRATYGnATTA	ALX1_HUMAN.H11MO.0.B	5.600009999999999
0.41820053141754115	0.213156074070443	0.27082482769931493	0.09781856681270079
0.08260042349397095	0.11143480030840654	0.024931669865099582	0.7810331063325231
0.7201605330576032	0.05376604667953523	0.1146386199544549	0.11143480030840647
0.8066636635009102	0.08260042349397091	0.024931669865099575	0.08580424314001926
0.024931669865099582	0.11143480030840654	0.024931669865099582	0.8387018599613941
0.053766046679535204	0.22997612721219754	0.1402691771228423	0.5759886489854249
0.46065114172768246	0.02493166986509957	0.4894855185421183	0.02493166986509957
0.34531363446994	0.2556066843805846	0.34531363446994	0.05376604667953529
0.7233643527036515	0.02493166986509957	0.14026917712284237	0.11143480030840644
0.11463861995445493	0.024931669865099575	0.053766046679535245	0.8066636635009102
0.0826004234939709	0.05376604667953524	0.05376604667953524	0.8098674831469587
0.7714216473943779	0.07619278420187406	0.07619278420187406	0.07619278420187406
>TAATTARMTWW	ALX3_HUMAN.H11MO.0.D	4.704079999999999
0.059561323192556304	0.029526890157058436	0.01279761312425649	0.8981141735261288
0.934512867386001	0.001153875318123575	0.012991550879346052	0.051341706416529166
0.9990086327887767	0.00029784506059716	0.00039567709002875153	0.00029784506059716
0.0007625472003972194	0.004284500259934514	0.00046905111210244495	0.9944839014275658
0.007121629113450526	0.10994309204605018	0.01690483205660952	0.8660304467838897
0.702741884447469	0.0019365315535762172	0.2950481969457155	0.0002733870532392494
0.4766506278818381	0.08962021423540721	0.41200437207286666	0.021724785809887973
0.6580015735293122	0.15879234820033972	0.1322522473639986	0.05095383090634933
0.022704832407978857	0.02055252776048386	0.01908504731900999	0.9376575925125271
0.17130966905626355	0.061423584359303576	0.030704327117784622	0.7365624194666481
0.7999434743536012	0.045847286279870995	0.0575871298116618	0.09662210955486569
>hTAATTARATTA	ALX4_HUMAN.H11MO.0.D	-0.47022
0.16672088913624802	0.3141013315252499	0.13854100129139374	0.38063677804710844
0.004948494124647497	0.0017363134933121133	0.0011246051842922675	0.9921905871977482
0.9955930389416862	0.0002792387600234571	0.0009450050973663728	0.00318271720092414
0.9996079064491042	0.00012168817891137346	0.00014871719307290774	0.00012168817891137346
0.00010817367183060637	0.000449591839235111	0.00016223170015367493	0.9992800027887808
0.0004410568405020562	0.044212350039394284	0.0007924340246019948	0.9545541590955017
0.7848847663670255	0.00010817367183059975	0.21489888628931336	0.00010817367183059975
0.5912676762005283	0.018093814687739882	0.3894961219209925	0.0011423871907393364
0.9521557265293209	0.009241116481682085	0.029613836633501773	0.008989320355495229
0.002747765497426052	0.0037364559867449835	0.0026040854278853343	0.9909116930879437
0.015497963592024655	0.010087906923913275	0.003973671869639608	0.9704404576144225
0.9799937673299591	0.005052696409157388	0.0055377946461026084	0.009415741614780896
>WKThYYddbhTRTTTRYh	ANDR_HUMAN.H11MO.0.A	5.40531
0.14954724132441483	0.07235201790869418	0.03870281795825187	0.739397922808639
0.06443455909682541	0.05057900617605505	0.7710677580561142	0.11391867667100529
0.070372653205727	0.0683932885027598	0.016929806225612718	0.8443042520659004
0.1891345353837587	0.17329961776002117	0.14558851191848043	0.4919773349377396
0.08026947672056298	0.7275217345908359	0.038702817958251874	0.15350597073034922
0.12381550018584125	0.2782059470172825	0.034744088552317476	0.5632344642445586
0.18121707657188996	0.13569168840364446	0.1970519941956275	0.48603924082883804
0.1990313588985947	0.17923771186892276	0.21684564122529945	0.40488528800718304
0.17725834716595557	0.1930932647896931	0.22278373533420104	0.4068646527101502
0.20101072360156189	0.2564329352846434	0.12183613548287406	0.42072020563092055
0.07433138261166139	0.016929806225612718	0.016929806225612718	0.8918090049371131
0.2544535705816761	0.03276472384935028	0.6859550758285247	0.026826629740448693
0.030785359146383084	0.0248472650374815	0.022867900334514305	0.921499475481621
0.02088853563154711	0.009012347413743935	0.10006312375023493	0.870035993204474
0.010991712116711131	0.010991712116711131	0.0664139237997926	0.911602651966785
0.41874084092795344	0.030785359146383084	0.49197733493773965	0.058496464987923824
0.08818693553243175	0.5216678054822476	0.05057900617605504	0.33956625280926556
0.2900821352350857	0.1594440648392508	0.05651710028495662	0.4939566996407068
>dGnACWbTbWGTdCYb	ANDR_HUMAN.H11MO.1.A	4.59016
0.3606250177377577	0.026774517779167565	0.45347101476766144	0.15912944971541337
0.10974328108248581	0.028749964524484667	0.8011496419434712	0.060357112449558284
0.3705022514643432	0.21049106509365798	0.22431919231087769	0.1946874911311212
0.818928662651325	0.05245532546828988	0.05245532546828988	0.0761606864120951
0.005044603580679456	0.9236273401531314	0.03270085801511887	0.03862719825107017
0.6925000709510306	0.026774517779167565	0.0801115799027293	0.20061383136707248
0.12752230179033971	0.23024553254682897	0.3507477840111721	0.29148438165165913
0.003069156835362354	0.003069156835362354	0.38235493193624576	0.6115067543930294
0.11764506806375422	0.3546986775018064	0.3981585058987826	0.12949774853565685
0.14727676924351074	0.06825889943082669	0.01689728405258206	0.7675670472730803
0.007020050325996556	0.034676304760435976	0.953259041332888	0.005044603580679456
0.0880133668839977	0.044553538487021475	0.024799071033850466	0.8426340235951303
0.21049106509365795	0.17098213018731595	0.19468749113112116	0.42383931358790483
0.0761606864120951	0.799174195198154	0.00899549707131366	0.11566962131843711
0.09393970711994899	0.4100111863706852	0.01689728405258206	0.47915182245678367
0.14332587575287653	0.2618526804719026	0.19666293787643827	0.39815850589878254
>nhbTGTKCYhdb	ANDR_HUMAN.H11MO.2.A	5.623315
0.14135042900755942	0.3230915295767327	0.24209821301873158	0.2934598283969762
0.2480245532546829	0.13147319528097395	0.11962051480907132	0.5008817366552718
0.13937498226224235	0.38828127217219705	0.3171651893407814	0.15517855622477914
0.04850443197765568	0.018872730797899164	0.005044603580679456	0.9275782336437656
0.00899549707131366	0.022823624288533365	0.9611608283141563	0.007020050325996556
0.01294639056194786	0.014921837307264962	0.005044603580679456	0.9670871685501077
0.05640621895892407	0.1215959615543884	0.18876115089516984	0.6332366685915175
0.003069156835362354	0.974988955531376	0.00899549707131366	0.01294639056194786
0.030725411269801765	0.40408484613473383	0.007020050325996555	0.5581696922694677
0.17295757693263306	0.23814731952809737	0.1156696213184371	0.4732254822208324
0.18678570414985277	0.14135042900755942	0.269754467453171	0.40210939938941676
0.1235714082997055	0.21839285207492637	0.24209821301873158	0.41593752660663647
>dddSCCTGRGGShdd	AP2A_HUMAN.H11MO.0.A	4.2035599999999995
0.4141169382793033	0.1861574170517341	0.19382455468575843	0.20590108998320414
0.23134924721686195	0.09307108540963213	0.13608491246430135	0.5394947549092045
0.1776599503680134	0.09630896049218399	0.46752281406169777	0.25850827507810487
0.01376965154904706	0.5172828416530185	0.4292216682862033	0.03972583851173108
0.0030691568353623465	0.9907925294939128	0.0030691568353623465	0.0030691568353623465
0.0030691568353623474	0.8929813839637486	0.0030691568353623474	0.10088030236552661
0.05338232531899576	0.11300803814518014	0.01569687957240544	0.8179127569634186
0.004885142573691113	0.003069156835362347	0.7898564693253173	0.2021892312656293
0.5318306334585318	0.04118293155621342	0.4072814868638876	0.019704948121367083
0.14348281404213353	0.003069156835362347	0.8486453452906871	0.004802683831816828
0.0030691568353623465	0.0030691568353623465	0.9907925294939128	0.0030691568353623465
0.05034626518958709	0.552360767039489	0.37840149252769506	0.018891475243228786
0.307538933851269	0.38001995331500343	0.09368271230785014	0.21875840052587744
0.5098118208453923	0.09534307033065999	0.2048195636421327	0.19002554518181486
0.23866102677877943	0.15013428229176762	0.2089081365224908	0.4022965544069621
>GSCYGRGGRv	AP2B_HUMAN.H11MO.0.B	4.229699999999999
0.06195438553664434	0.026640655120990717	0.7258525173509331	0.18555244199143187
0.02664065512099071	0.6057858339377106	0.2455857836980429	0.1219877272432557
0.026640655120990724	0.8882956772629396	0.026640655120990724	0.05842301249507905
0.1290504733263864	0.5386897461479682	0.026640655120990692	0.3056191254046547
0.09373674291073258	0.058423012495079	0.8211995894731976	0.026640655120990703
0.3197446175709156	0.3091504984462199	0.3444642288618738	0.026640655120990713
0.09020536986916727	0.05842301249507904	0.7894172320991093	0.06195438553664434
0.02664065512099071	0.02664065512099071	0.9200780346370279	0.02664065512099071
0.1970294043765196	0.13699606266990846	0.631388288489059	0.03458624446451278
0.22528038870904252	0.42656865207826805	0.2535313730415656	0.09461958617112386
>vddSCCTGRGGShv	AP2C_HUMAN.H11MO.0.A	3.55351
0.385543184337189	0.20163135207798433	0.2693265124058656	0.14349895117896108
0.19673698032532336	0.1251501700331046	0.16742664641417557	0.5106862032273964
0.18539933626773691	0.10161640956726331	0.5151344299223461	0.19784982424265357
0.012486898910523847	0.5038839826569937	0.46916853499267425	0.014460583439808295
0.006826070528919989	0.9792196734445063	0.010885099191211115	0.003069156835362354
0.004914449696994991	0.9432066867905554	0.005385213555233134	0.04649364995721648
0.0524703704290336	0.13331641966946914	0.028134740289508867	0.7860784696119884
0.037999224694782806	0.0030691568353623543	0.9090177046875074	0.04991391378234731
0.5512924935688144	0.02815600691131936	0.41380144099236776	0.006750058527498588
0.07560817627267268	0.0030691568353623548	0.9163069026624262	0.005015764229538671
0.003069156835362354	0.003069156835362354	0.988932177011926	0.004929509317349133
0.031645528891314396	0.6137264993048606	0.3398997372467331	0.01472823455709181
0.3131412662347189	0.3502927046322953	0.09902875904250544	0.23753727009048048
0.4260870521284979	0.171495908219222	0.2417704816911111	0.16064655796116895
>nGbCCGRGGCnCGY	AP2D_HUMAN.H11MO.0.D	3.1625199999999998
0.23680533753687028	0.4303270536627743	0.23680533753687028	0.0960622712634853
0.060876504695139125	0.060876504695139125	0.8173704859145826	0.060876504695139125
0.060876504695139125	0.5358843533678129	0.20161957096852398	0.20161957096852398
0.060876504695139125	0.8173704859145826	0.060876504695139125	0.060876504695139125
0.060876504695139125	0.51829147008364	0.060876504695139125	0.3599555205260816
0.060876504695139125	0.060876504695139125	0.8173704859145826	0.060876504695139125
0.3599555205260816	0.23680533753687039	0.3423626372419088	0.060876504695139125
0.060876504695139125	0.060876504695139125	0.8173704859145826	0.060876504695139125
0.060876504695139125	0.060876504695139125	0.8173704859145826	0.060876504695139125
0.060876504695139125	0.6766274196411978	0.20161957096852398	0.060876504695139125
0.20161957096852398	0.23680533753687039	0.3599555205260816	0.20161957096852398
0.060876504695139125	0.6766274196411978	0.20161957096852398	0.060876504695139125
0.060876504695139125	0.20161957096852398	0.6766274196411978	0.060876504695139125
0.0960622712634853	0.23680533753687033	0.0960622712634853	0.5710701199361592
>dWTTAAWYvRdWWYAAAWYWWW	ARI3A_HUMAN.H11MO.0.D	5.746309999999999
0.3795301292728	0.10845337970923154	0.3198367882360724	0.19217970278189608
0.6477000345951555	0.1034789346228376	0.01975261155017334	0.22906841923183371
0.12337671496841385	0.019752611550173337	0.019752611550173337	0.8371180619312394
0.16523987650474556	0.019752611550173337	0.019752611550173337	0.7952549003949078
0.8988790038131479	0.06161577308650543	0.019752611550173344	0.019752611550173344
0.878981223467572	0.0815135534320814	0.019752611550173337	0.019752611550173337
0.45828200725907037	0.01975261155017334	0.04171799274092952	0.4802473884498268
0.01975261155017334	0.3965210653771624	0.22906841923183371	0.3546579038408307
0.2908293611137416	0.18720525769550198	0.4184864465679189	0.1034789346228376
0.4802473884498266	0.0616157730865054	0.35465790384083057	0.10347893462283757
0.43838422691349427	0.06161577308650543	0.16523987650474564	0.33476012349525464
0.6916307969766673	0.01975261155017334	0.1034789346228376	0.18513765685032174
0.1453420961591695	0.061615773086505454	0.10347893462283764	0.6895631961314874
0.16730747734992593	0.5440759311769152	0.06161577308650545	0.22700081838665354
0.689563196131487	0.01975261155017334	0.01975261155017334	0.27093158076816637
0.7115285773222431	0.06161577308650539	0.019752611550173334	0.20710303804107807
0.8988790038131479	0.019752611550173344	0.019752611550173344	0.06161577308650543
0.3965210653771626	0.019752611550173344	0.06161577308650545	0.5221105499861587
0.12544431581359414	0.1453420961591694	0.1034789346228376	0.6257346534043989
0.5001451687954029	0.1453420961591694	0.04171799274092952	0.3127947423044981
0.5838714918680671	0.08358115427726166	0.019752611550173337	0.312794742304498
0.6327766993359732	0.02472705663656732	0.08855559936365562	0.2539406446638039
>nbYKnRTATTSKd	ARI5B_HUMAN.H11MO.0.C	5.153625
0.22176425443107933	0.1088212721553956	0.33470723670676245	0.33470723670676245
0.15117489050877667	0.26411787278446075	0.3770608550601439	0.2076463816466187
0.03823190823309347	0.2641178727844605	0.2076463816466185	0.4900038373358275
0.0382319082330935	0.15117489050877667	0.32058936392230186	0.490003837335828
0.320589363922302	0.09470339937093529	0.320589363922302	0.26411787278446086
0.20764638164661867	0.09470339937093523	0.6029468196115109	0.09470339937093523
0.0382319082330935	0.0382319082330935	0.0382319082330935	0.8853042753007195
0.7723612930250363	0.0382319082330935	0.15117489050877667	0.0382319082330935
0.0382319082330935	0.15117489050877667	0.0382319082330935	0.7723612930250363
0.038231908233093484	0.09470339937093522	0.09470339937093522	0.772361293025036
0.15117489050877672	0.26411787278446086	0.49000383733582725	0.09470339937093529
0.1511748905087766	0.0947033993709352	0.2641178727844606	0.4900038373358277
0.25	0.1370570177243168	0.4194144734135252	0.19352850886215797
>RnSGTGGvRSRS	ARNT2_HUMAN.H11MO.0.D	4.137815
0.20110319699064508	0.10595266140487383	0.5394162124067213	0.15352792919775968
0.17731556309420243	0.27775223954585	0.32004136647285963	0.22489083088708786
0.034589759715545274	0.6054929732301739	0.22489083088708786	0.13502643616719287
0.03458975971554525	0.08216502750843097	0.8486554530604785	0.03458975971554525
0.03458975971554525	0.03458975971554525	0.08216502750843097	0.8486554530604785
0.03458975971554525	0.08216502750843097	0.8486554530604785	0.03458975971554525
0.08216502750843098	0.03458975971554525	0.7957940444017166	0.0874511683743071
0.1773155630942023	0.32004136647285936	0.37290277513162146	0.1297402953013169
0.5156285785102784	0.03458975971554526	0.27246609867997396	0.1773155630942023
0.03458975971554526	0.32004136647285936	0.5156285785102784	0.1297402953013169
0.37290277513162146	0.03458975971554526	0.4627671698515163	0.1297402953013169
0.15352792919775965	0.5394162124067212	0.20110319699064505	0.10595266140487382
>vdRCGTGMh	ARNT_HUMAN.H11MO.0.B	3.084425
0.15320310947946203	0.2835825946703907	0.42779020707853904	0.13542408877160814
0.13937498226224235	0.07616068641209509	0.24209821301873158	0.5423661183069309
0.6964509644416648	0.03270085801511887	0.2460491065093658	0.024799071033850466
0.01294639056194786	0.9394309141156683	0.005044603580679456	0.04257809174170438
0.00899549707131366	0.005044603580679456	0.9809152957673274	0.005044603580679456
0.003069156835362354	0.003069156835362354	0.005044603580679456	0.9888170827485957
0.003069156835362354	0.00899549707131366	0.9828907425126444	0.005044603580679456
0.35469867750180634	0.5226116508537599	0.026774517779167565	0.0959151538652661
0.15517855622477916	0.4989062899099547	0.14530132249819366	0.20061383136707248
>hTAATYTAATTWv	ARX_HUMAN.H11MO.0.D	3.58586
0.15543500665041166	0.2811896560943834	0.1554114430641526	0.40796389419105233
0.06166415927316867	0.05953072762274043	0.058464011797526305	0.8203411013065646
0.9577118068965962	0.007355906532284591	0.019066217023380867	0.01586606954773851
0.9654454966293985	0.006555869663374	0.020376048218639472	0.00762258548858812
0.006555869663374004	0.08108459591080819	0.008689301313802246	0.9036702331120158
0.0028223642751245893	0.40457364941444734	0.028376416907745474	0.5642275694026826
0.002822364275124587	0.25848070853262883	0.00388908010033871	0.7348078470919079
0.935044095610796	0.0038890801003387014	0.05717774418852663	0.0038890801003387014
0.989399475524198	0.002822364275124579	0.002822364275124579	0.004955795925552818
0.003355722187731639	0.003355722187731639	0.003355722187731639	0.9899328334368052
0.019599574935987924	0.0036224011440351696	0.0036224011440351696	0.9731556227759419
0.7408338383378341	0.08425528890362707	0.08532200472884119	0.08958886802969769
0.3123380759128139	0.16738254161498786	0.3688740146491632	0.15140536782303501
>hnvCASCTGYYbhh	ASCL1_HUMAN.H11MO.0.A	3.95131
0.19035054783105418	0.4351189894898319	0.17595240420406724	0.1985780584750467
0.219146835085028	0.2458862446780037	0.1615542605770803	0.3734126596598879
0.22120371274602615	0.25411375532199626	0.4248346011848413	0.09984793074713635
0.009345313663218544	0.9719640590103443	0.007288436002220411	0.011402191324216675
0.9719640590103443	0.007288436002220411	0.003174680680224146	0.01757282430721107
0.009345313663218542	0.609953590674673	0.35695763837190286	0.023743457290205466
0.011402191324216675	0.9699071813493462	0.005231558341222279	0.013459068985214807
0.011402191324216675	0.005231558341222279	0.005231558341222279	0.9781346919933388
0.007288436002220411	0.007288436002220411	0.9678503036883481	0.01757282430721107
0.011402191324216675	0.7745038035545236	0.08544978712014943	0.1286442180011102
0.0833929094591513	0.41866396820184687	0.009345313663218544	0.48859780867578334
0.10396168606913263	0.38369704796487863	0.2746825319319776	0.23765873403401122
0.13275797332310646	0.4885978086757833	0.09984793074713634	0.2787962872539739
0.1677248935600747	0.4042658245748599	0.15332674993308779	0.2746825319319776
>vCASCTGCY	ASCL2_HUMAN.H11MO.0.D	4.15126
0.26237102939354495	0.35144244102706873	0.3375868881062984	0.048599641473087846
0.005053618007809544	0.9808804165706368	0.00703298271077674	0.00703298271077674
0.9769216871647025	0.009012347413743935	0.005053618007809544	0.009012347413743935
0.009012347413743934	0.35144244102706873	0.5830281112742306	0.05651710028495662
0.016929806225612718	0.970983593055801	0.005053618007809544	0.00703298271077674
0.00703298271077674	0.00703298271077674	0.003074253304842348	0.9828597812736041
0.005053618007809544	0.012971076819678325	0.9551486754320634	0.026826629740448693
0.009012347413743935	0.860139169689638	0.016929806225612718	0.11391867667100529
0.10402185315616931	0.2940408646410201	0.01099171211671113	0.5909455700860994
>ndRTGACGYvd	ATF1_HUMAN.H11MO.0.B	4.35877
0.2875334881610249	0.35864957099244055	0.15912944971541337	0.1946874911311212
0.35667412424712347	0.11566962131843711	0.3606250177377577	0.16703123669668177
0.3507477840111722	0.10776783433716872	0.5068080768912231	0.034676304760435976
0.020848177543216263	0.00899549707131366	0.034676304760435976	0.935480020625034
0.022823624288533365	0.01294639056194786	0.9433818076063024	0.020848177543216263
0.9374554673703511	0.01294639056194786	0.018872730797899164	0.03072541126980177
0.034676304760435976	0.8228795561419593	0.05640621895892408	0.0860379201386806
0.026774517779167565	0.018872730797899164	0.8683148312842526	0.0860379201386806
0.0801115799027293	0.3171651893407814	0.01887273079789916	0.58385049995859
0.2875334881610249	0.46334824849424694	0.14530132249819366	0.1038169408465345
0.5324888845803455	0.11566962131843711	0.18678570414985277	0.16505578995136466
>dvTGAbGWMAb	ATF2_HUMAN.H11MO.0.B	4.5273
0.31518974259546434	0.08998881362931481	0.4613728017489298	0.13344864202629106
0.42186386684258775	0.16703123669668174	0.38235493193624576	0.028749964524484663
0.022823624288533365	0.026774517779167565	0.014921837307264962	0.935480020625034
0.018872730797899164	0.016897284052582062	0.9315291271343998	0.03270085801511887
0.895971085718692	0.014921837307264962	0.016897284052582062	0.0722097929214609
0.03665175150575307	0.3606250177377576	0.24802455325468287	0.35469867750180634
0.005044603580679456	0.044553538487021475	0.9256027868984485	0.024799071033850466
0.12752230179033971	0.074185239666778	0.028749964524484667	0.7695424940183976
0.15912944971541337	0.7695424940183976	0.03862719825107017	0.03270085801511887
0.8683148312842526	0.020848177543216263	0.0662834526855096	0.044553538487021475
0.06430800594019248	0.25395089349063416	0.18481025740453566	0.4969308431646376
>ddddRATGATGTCAThdhdd	ATF2_HUMAN.H11MO.1.B	-1.4510399999999999
0.39132824642901376	0.11982418662252747	0.13597598621441476	0.352871580734044
0.37133078026762945	0.10521065365843897	0.21442758423215302	0.3090309818417785
0.41286397921819623	0.1021341204028415	0.21135105097655565	0.27365084940240664
0.25596078318272086	0.12290071987812533	0.18750791824567462	0.43363057869347926
0.2805730492275034	0.07290705447466543	0.564383242056373	0.08213665424145813
0.9081858333694021	0.002146789595921204	0.08598232081095661	0.0036850562237200225
0.0013776562820217997	0.0013776562820217997	0.0013776562820217997	0.9958670311539346
0.0013776562820217997	0.0013776562820217997	0.9950978978400352	0.0021467895959212118
0.9958670311539346	0.0013776562820217997	0.0013776562820217997	0.0013776562820217997
0.0013776562820217897	0.13674511952831725	0.03521952209359567	0.8266577020960653
0.0021467895959212118	0.0013776562820217997	0.9950978978400352	0.0013776562820217997
0.0013776562820217997	0.0013776562820217997	0.0013776562820217997	0.9958670311539346
0.032142988837998265	0.9635634319701594	0.0013776562820217977	0.0029159229098206204
0.9958670311539346	0.0013776562820217997	0.0013776562820217997	0.0013776562820217997
0.0013776562820217962	0.05137132168548349	0.0090689894210159	0.9381820326114789
0.13059205301711987	0.5159278432807123	0.10059585377504329	0.25288424992712444
0.42824664549618363	0.1536660524341011	0.15597345237579932	0.26211384969391593
0.25980644975221784	0.16366478551479333	0.14135991941171083	0.435168845321278
0.21981151742945004	0.14059078609781192	0.14366731935340954	0.4959303771193285
0.31133838178347667	0.13751425284221355	0.15904998563139658	0.39209737974291314
>RRTGACGTCAb	ATF2_HUMAN.H11MO.2.C	-0.035320000000000004
0.32171602636052005	0.08912350843450896	0.5362180151145081	0.05294245009046292
0.5052056793910398	0.0090083078155498	0.47677770497786065	0.0090083078155498
0.0038395851949717887	0.0038395851949717887	0.0038395851949717887	0.9884812444150847
0.0038395851949717887	0.0038395851949717887	0.9884812444150847	0.0038395851949717887
0.9884812444150847	0.0038395851949717887	0.0038395851949717887	0.0038395851949717887
0.0038395851949717887	0.9833125217945066	0.006423946505260794	0.006423946505260794
0.0038395851949717887	0.0038395851949717887	0.9884812444150847	0.0038395851949717887
0.0038395851949717887	0.0038395851949717887	0.0038395851949717887	0.9884812444150847
0.1899135995357804	0.8024072300742761	0.0038395851949717895	0.0038395851949717895
0.9858968831047956	0.0038395851949717887	0.006423946505260794	0.0038395851949717887
0.04777372746988492	0.4612715371161268	0.3553127233942773	0.1356420120197112
>dRTSACGTRRb	ATF3_HUMAN.H11MO.0.A	3.7810750000000004
0.22234374556556055	0.0919642603746319	0.5759487129773216	0.1097432810824858
0.2559263402359513	0.030725411269801765	0.7043527514229332	0.008995497071313658
0.020848177543216263	0.044553538487021475	0.01097094381663076	0.9236273401531314
0.01294639056194786	0.4752009289661495	0.5048326301459061	0.007020050325996556
0.9315291271343998	0.026774517779167565	0.007020050325996556	0.034676304760435976
0.005044603580679456	0.8070759821794224	0.044553538487021475	0.14332587575287656
0.04060264499638728	0.020848177543216263	0.9177009999171801	0.020848177543216263
0.030725411269801765	0.22431919231087766	0.010970943816630758	0.7339844526026896
0.2658035739625368	0.16505578995136463	0.5324888845803454	0.03665175150575307
0.5719978194866875	0.10579238759185161	0.2519754467453171	0.0702343461761438
0.0959151538652661	0.29543527514229334	0.2756808076891223	0.3329687633033182
>dnMTGATGCAAY	ATF4_HUMAN.H11MO.0.A	2.69043
0.39618305915346547	0.0662834526855096	0.3803794851909287	0.15715400297009627
0.2361718727827803	0.18678570414985277	0.3922321656628313	0.18481025740453566
0.5305134378350282	0.32901786981268405	0.13739953551692524	0.003069156835362354
0.005044603580679456	0.005044603580679456	0.003069156835362354	0.9868416360032787
0.003069156835362354	0.00899549707131366	0.9690626152954247	0.018872730797899164
0.9710380620407418	0.00899549707131366	0.01294639056194786	0.007020050325996556
0.003069156835362354	0.05443077221360698	0.00899549707131366	0.933504573879717
0.003069156835362354	0.00899549707131366	0.9848661892579615	0.003069156835362354
0.1038169408465345	0.7952233017075199	0.005044603580679456	0.09591515386526611
0.9848661892579615	0.00899549707131366	0.003069156835362354	0.003069156835362354
0.9888170827485957	0.003069156835362354	0.005044603580679456	0.003069156835362354
0.01887273079789916	0.29148438165165913	0.13147319528097393	0.5581696922694677
>vKSSTGACGTGG	ATF6A_HUMAN.H11MO.0.B	3.07294
0.19313326089657934	0.19313326089657934	0.541023900117506	0.07270957808933513
0.0325683504869206	0.2198940792981887	0.31355694370382314	0.4339806265110676
0.0325683504869206	0.26003530690060406	0.5544043093183112	0.15299203329416416
0.11285080569174986	0.3804589897078475	0.43398062651106745	0.07270957808933519
0.0325683504869206	0.059329168888530404	0.0325683504869206	0.8755341301376285
0.03256835048692059	0.0727095780893352	0.8621537209368236	0.03256835048692059
0.8353929025352138	0.0727095780893352	0.0325683504869206	0.05932916888853039
0.0325683504869206	0.9022949485392383	0.0325683504869206	0.0325683504869206
0.0325683504869206	0.0325683504869206	0.9022949485392383	0.0325683504869206
0.0325683504869206	0.0325683504869206	0.0325683504869206	0.9022949485392383
0.03256835048692059	0.11285080569174988	0.8220124933344091	0.03256835048692059
0.11285080569174988	0.03256835048692059	0.8220124933344091	0.03256835048692059
>dRTGACGTCAT	ATF7_HUMAN.H11MO.0.D	-3.41124
0.21738042469698793	0.08745533251491203	0.44688314227408554	0.2482811005140145
0.570643905265041	0.004473978019060613	0.4183533622997976	0.006528754416100743
0.0007003021360349891	0.0007793319974596095	0.004572765345841389	0.993947600520664
0.0005817573438980585	0.0005027274824734382	0.9854518904175174	0.013463624756111183
0.9947774140656226	0.000265637898199577	0.0046913101379783195	0.000265637898199577
0.000265637898199577	0.9914581598857886	0.005718698336498383	0.0025575038795135683
0.0007398170667472992	0.0001866080367749566	0.9988869668597028	0.0001866080367749566
0.000265637898199577	0.0001866080367749566	0.003505862216609013	0.9960418918484165
0.1857092077310713	0.8118627997983386	0.0015696306117058134	0.0008583618588842299
0.9969902501855119	0.0005027274824734382	0.0017672052652673643	0.0007398170667472992
0.005244519167950662	0.04720937558442408	0.027530940089693614	0.9200151651579317
>RRCAGMTGK	ATOH1_HUMAN.H11MO.0.B	4.103135
0.5305134378350282	0.044553538487021475	0.3764285917002944	0.04850443197765567
0.3230915295767327	0.15517855622477914	0.5186607573631257	0.003069156835362354
0.005044603580679456	0.9868416360032787	0.005044603580679456	0.003069156835362354
0.9888170827485957	0.003069156835362354	0.003069156835362354	0.005044603580679456
0.003069156835362354	0.01097094381663076	0.9651117218047905	0.020848177543216263
0.5818750532132729	0.37840403844561155	0.03665175150575307	0.003069156835362354
0.020848177543216263	0.00899549707131366	0.005044603580679456	0.9651117218047905
0.005044603580679456	0.003069156835362354	0.9809152957673274	0.01097094381663076
0.034676304760435976	0.11171872782780291	0.7162054318948359	0.13739953551692524
>YGCTGAGTCMbbb	BACH1_HUMAN.H11MO.0.A	3.3833599999999997
0.06511197965499606	0.1691696733191499	0.09938622044032913	0.6663321265855249
0.012115223717299197	0.0686423801507362	0.9142151196543289	0.005027276477635626
0.02368155470889739	0.9588585497964713	0.006946204010901874	0.010513691483729342
0.03880052740287518	0.08164167262019052	0.08219077627397614	0.797367023702958
0.006870920974468323	0.06363507508627828	0.8831461293862121	0.04634787455304131
0.7961429347951997	0.023389716030484255	0.12603834286853338	0.05442900630578251
0.016170534265180815	0.2152897626853061	0.7570234582139101	0.011516244835602752
0.009193854982484555	0.0387621568320336	0.14713535790302515	0.8049086302824566
0.019064722197458257	0.9353130662737874	0.03692196633074472	0.008700245198009585
0.7798036749500113	0.09769973388859077	0.08447709510574589	0.03801949605565191
0.012728376567851803	0.3332441158089625	0.2565258426264922	0.3975016649966934
0.15281644539365588	0.2653678938664119	0.3929445827336765	0.18887107800625566
0.10701295540625752	0.3770112964251969	0.37111961015550576	0.1448561380130399
>WGCTKWSTCAb	BACH2_HUMAN.H11MO.0.A	4.3408549999999995
0.1235714082997055	0.09789060061058319	0.07023434617614378	0.7083036449135673
0.016897284052582062	0.0801115799027293	0.8860938519921066	0.016897284052582062
0.04652898523233858	0.915725553171863	0.014921837307264962	0.022823624288533365
0.0801115799027293	0.04060264499638728	0.01097094381663076	0.8683148312842526
0.060357112449558284	0.06233255919487538	0.7873215147262514	0.08998881362931481
0.7517634733105436	0.04060264499638728	0.058381665704241185	0.14925221598882785
0.046528985232338574	0.22431919231087766	0.6648438165165911	0.06430800594019248
0.01294639056194786	0.018872730797899164	0.01097094381663076	0.9572099348235221
0.06233255919487538	0.9117746596812288	0.018872730797899164	0.007020050325996556
0.955234488078205	0.014921837307264962	0.01097094381663076	0.018872730797899164
0.05838166570424118	0.3191406360860985	0.21246651183897505	0.4100111863706852
>TAAWYGbYnhTWA	BARH1_HUMAN.H11MO.0.D	4.537215
0.0078042584247598155	0.0007751783137425056	0.0009509053165179382	0.9904696579449798
0.9935888122442437	0.00037979255749778177	0.00090697356582408	0.005124421632434466
0.9983334413191803	0.00037979255749778177	0.0007312465630486474	0.0005555195602732145
0.48345332318716233	0.004070059615781869	0.030956291040423075	0.4815203261566326
0.03570092011535976	0.43178958437118514	0.02867184000434245	0.5038376555091125
0.0653987835844079	0.0012584275713749455	0.9134572989786464	0.019885489865570816
0.12971486660021628	0.36448614230819437	0.3137010385060944	0.19209795258549492
0.0622356975344501	0.35710560819162623	0.06188424352889924	0.5187744507450244
0.1683748072108115	0.33672127586967604	0.32371747766429404	0.17118643925521843
0.2167875964754432	0.3397964984182461	0.08780397643827557	0.3556119286680351
0.12431126126487173	0.05964372424351247	0.0222138726523453	0.7938311418392705
0.7267034267790552	0.01764497058018405	0.016942062569082317	0.23870954007167844
0.8577518390988342	0.020412670873897115	0.019885489865570816	0.10195000016169792
>vhTAAWYGnYbhhWWWhd	BARH2_HUMAN.H11MO.0.D	4.48876
0.221284324592341	0.22963088826854813	0.4139386220351001	0.1351461651040106
0.16707797708206612	0.38502271351537065	0.12138684929177825	0.3265124601107848
0.00908323710120038	0.0062816053526412955	0.006119054400409641	0.9785161031457488
0.988217245055191	0.0007124464620559799	0.0015399785825080487	0.009530329900244753
0.9980954040227092	0.0008417483558766179	0.0007087521222325353	0.000354095499181648
0.4761086044044555	0.0018687748267947274	0.030939573471790008	0.4910830472969596
0.016611329326741083	0.44774949118301227	0.016933786906431453	0.5187053925838152
0.02113557344807748	0.001751878114830969	0.971214298877967	0.00589824955912465
0.20420298083681704	0.2476479500144479	0.34657490253078094	0.20157416661795421
0.05663553429480362	0.27544482339542264	0.06246388037381617	0.6054557619359575
0.14461110283778508	0.38343951372125257	0.2943715477541841	0.17757783568677804
0.21869906511545328	0.3793631783091597	0.1336085424015561	0.2683292141738308
0.26855083545712155	0.12236448860830891	0.10114762285492968	0.5079370530796399
0.5224685630635868	0.020897152455795903	0.04986902036756553	0.40676526411305153
0.49031186350239403	0.018536741455949857	0.013787920473098614	0.4773634745685573
0.41986760941179085	0.032270546717165914	0.049715763658153105	0.49814608021289003
0.3364730608241658	0.1821148342858959	0.11804347228338474	0.36336863260655367
0.22819620136077506	0.1557292763978892	0.4354139742577855	0.18066054798355002
>nWMAKKSYTThh	BARX1_HUMAN.H11MO.0.D	6.000005
0.1017554080052611	0.3607820597217002	0.2687312661365194	0.2687312661365194
0.3629227758515881	0.01612676280974405	0.04609678862817502	0.5748536727104929
0.7503923953613029	0.18524333707089022	0.048237504758062946	0.01612676280974405
0.94947899544088	0.0054231821603044185	0.011845330549968197	0.03325249184884746
0.04181535636839916	0.048237504758062946	0.2965605758250624	0.6133865630484756
0.06750394992705427	0.024689627329295753	0.425003543618338	0.482802879125312
0.09105182735582147	0.14885116286279548	0.7354073824520874	0.024689627329295753
0.048237504758062946	0.1574140273823472	0.03539320797873539	0.7589552598808545
0.06536323379716635	0.04395607249828709	0.03539320797873539	0.8552874857258113
0.0204081950695199	0.024689627329295753	0.04609678862817502	0.9088053889730094
0.14885116286279548	0.32867131777338127	0.07392609831671806	0.44855142104710516
0.15527331125245927	0.26016840161696764	0.08034824670638184	0.5042100404241913
>hYnWTAATKR	BARX2_HUMAN.H11MO.0.D	5.65895
0.15890421245209382	0.15890421245209382	0.09927787878437339	0.582913696311439
0.03965154511665296	0.4040346953082775	0.15890421245209385	0.39740954712297566
0.39740954712297555	0.15890421245209382	0.2847820279728366	0.15890421245209382
0.2781568797875347	0.1655293606373957	0.03965154511665296	0.5166622144584165
0.03965154511665296	0.03965154511665296	0.03965154511665296	0.881045364650041
0.8214190309823205	0.039651545116652975	0.09927787878437346	0.039651545116652975
0.881045364650041	0.03965154511665296	0.03965154511665296	0.03965154511665296
0.03965154511665296	0.03965154511665296	0.03965154511665296	0.881045364650041
0.039651545116652975	0.09927787878437346	0.4040346953082777	0.4570358807906959
0.33778321345525475	0.03965154511665296	0.46366102897599826	0.15890421245209382
>ndSTTYChnWhTGAbdn	BATF3_HUMAN.H11MO.0.B	5.387359999999999
0.17295757693263306	0.35272323075648926	0.20654017160302376	0.2677790207078539
0.4811272692021008	0.058381665704241185	0.24407365976404868	0.2164174053296093
0.03270085801511887	0.3882812721721971	0.4989062899099547	0.0801115799027293
0.03270085801511887	0.018872730797899164	0.016897284052582062	0.9315291271343998
0.04850443197765568	0.0662834526855096	0.01097094381663076	0.8742411715202039
0.044553538487021475	0.16110489646073045	0.044553538487021475	0.7497880265652266
0.020848177543216263	0.8485603638310816	0.022823624288533365	0.10776783433716872
0.4989062899099547	0.17888391716858437	0.12159596155438841	0.20061383136707248
0.21049106509365795	0.18283481065921856	0.21839285207492637	0.38828127217219705
0.23024553254682897	0.044553538487021475	0.06628345268550959	0.6589174762806398
0.47915182245678367	0.19863838462175534	0.05838166570424118	0.2638281272172197
0.01097094381663076	0.003069156835362354	0.01294639056194786	0.973013508786059
0.014921837307264962	0.026774517779167565	0.8031250886887883	0.15517855622477916
0.85646215081235	0.00899549707131366	0.044553538487021475	0.08998881362931481
0.1018414941012174	0.4593973550036127	0.3171651893407814	0.1215959615543884
0.2519754467453171	0.1215959615543884	0.14727676924351074	0.47915182245678367
0.2420982130187316	0.3843303786815629	0.18678570414985277	0.18678570414985277
>dbTYYYddWWTGASTnWb	BATF_HUMAN.H11MO.0.A	5.16881
0.4495201212770272	0.0801115799027293	0.2638281272172197	0.20654017160302376
0.05047987872297278	0.3981585058987826	0.3448214437752209	0.2065401716030238
0.014921837307264962	0.020848177543216263	0.04652898523233858	0.9177009999171801
0.13542408877160814	0.3270424230673669	0.026774517779167565	0.5107589703818572
0.08801336688399769	0.23814731952809737	0.054430772213606975	0.6194085413742978
0.14332587575287653	0.5423661183069309	0.04850443197765567	0.2658035739625368
0.3784040384456116	0.0880133668839977	0.3942076124081484	0.13937498226224235
0.36852680471902605	0.1156696213184371	0.23024553254682897	0.2855580414157078
0.3369196567939524	0.020848177543216263	0.0860379201386806	0.5561942455241506
0.5739732662320046	0.15912944971541337	0.024799071033850466	0.2420982130187316
0.005044603580679456	0.005044603580679456	0.003069156835362354	0.9868416360032787
0.007020050325996556	0.058381665704241185	0.8426340235951303	0.0919642603746319
0.9690626152954247	0.01097094381663076	0.014921837307264962	0.005044603580679456
0.1057923875918516	0.5542187987788335	0.31518974259546434	0.024799071033850463
0.074185239666778	0.03270085801511887	0.022823624288533365	0.8702902780295697
0.21246651183897508	0.5048326301459061	0.21246651183897508	0.0702343461761438
0.6075558609023953	0.0860379201386806	0.11171872782780291	0.1946874911311212
0.14332587575287653	0.18678570414985277	0.30531250886887884	0.36457591122839184
>dMTGAYKCAWh	BATF_HUMAN.H11MO.1.A	5.087395
0.32309152957673276	0.0702343461761438	0.3902567189175142	0.2164174053296093
0.5700223727413704	0.2183928520749264	0.19271204438580408	0.018872730797899164
0.016897284052582062	0.007020050325996556	0.007020050325996556	0.9690626152954247
0.003069156835362354	0.014921837307264962	0.9256027868984485	0.05640621895892408
0.9591853815688393	0.01294639056194786	0.01097094381663076	0.016897284052582062
0.012946390561947858	0.5107589703818572	0.05640621895892407	0.4198884200972707
